test_id,uchumi,kitaifa,michezo,kimataifa,burudani,afya
SW4255,0.1005604972965953,0.8702091481578813,0.02923035414103416,2.0521409235091405e-32,2.866892512053003e-23,4.0451024487922784e-10
SW15677,3.109795595340631e-07,0.9999996529541624,3.6065834273703424e-08,1.8159470491442403e-46,5.367348840337736e-28,4.093358497835266e-15
SW15925,0.04490028279449656,0.9548846378546625,0.00021381734421340693,1.0662478937344901e-16,8.69131815912745e-08,1.1750934336535763e-06
SW7615,0.0028729123072051914,0.9971270872720359,4.204043292734805e-10,1.9342823560715636e-59,1.5178075629014564e-33,2.591851836813369e-16
SW28011,0.0046524247586284635,0.9953475750303115,1.845083811979732e-10,2.4394371018363183e-40,2.3168745415074948e-27,2.6957654160174242e-11
SW17365,0.5270860872581404,0.47290302813935553,1.0880537220849104e-05,2.3596075040015637e-44,2.6646556383548153e-28,4.0654807408155495e-09
SW7080,6.665254687427824e-05,0.9994074204690395,0.0005259269843866173,1.016200947360701e-50,6.07048749759208e-23,1.2302834447599476e-15
SW2129,0.07792217019291364,0.9220668112157439,1.3407454281599691e-06,2.146669669890047e-28,3.222806845117425e-26,9.67784603523098e-06
SW5265,0.3267744963080032,0.08141821904674107,0.5916870718529502,5.3715326866829794e-09,1.4810866957708684e-08,0.0001201926098022084
SW14885,0.0026718218029916697,0.14463044921671028,2.1454821047692402e-11,2.645540945038997e-45,1.2868925391830324e-37,0.8526977289591908
SW30360,0.0035240843075260444,0.9963672777351197,0.00010354514939655623,5.73782562679854e-17,4.885760448974547e-10,5.092319377180912e-06
SW11833,0.09988643936748094,0.8938163339924141,0.006296821314190509,5.735742166752163e-20,3.794158185364384e-15,4.053258441876387e-07
SW11077,0.01016535161461727,0.9898290176638913,5.628500355201588e-06,2.3814293729564436e-26,1.0841259962887373e-15,2.221119853562669e-09
SW13286,0.2633936435672752,0.7002165624670522,0.03638767963940296,2.4415415876781516e-18,8.911539275455017e-10,2.1134351763695296e-06
SW26775,0.004011955702397982,0.9959880440637988,2.336194691379265e-10,2.080173220587915e-51,6.12069544152284e-36,5.5419792371409355e-19
SW25953,3.9833488429989665e-15,1.0,7.086270271545935e-14,1.610082520028906e-76,3.890998463904433e-64,7.005100714460633e-27
SW15067,0.12779396074181978,0.8722020137148802,3.5174289200652756e-06,4.330870183034264e-30,2.098682331850015e-19,5.081144124771665e-07
SW24258,0.031332624300932234,0.9686671693904895,2.063080053532798e-07,6.245259135362212e-41,3.368256182339116e-28,5.392296530526895e-13
SW7823,0.12724313978723253,0.8725906532215991,0.00016620396762615075,3.713987403804149e-20,7.526109298927039e-15,3.0236360891147698e-09
SW10522,0.8948609741667006,0.10496790354490765,3.0288513441524613e-06,5.296565300441131e-40,1.3448259940817095e-23,0.0001680934370633201
SW7173,0.1417770950545909,0.28167741208679775,0.5765454714847215,3.1206697405639947e-20,1.1577780800754902e-09,2.021609362250599e-08
SW19151,0.001534456576218957,0.9984626779732874,2.786359465742861e-06,2.4967170326483545e-27,1.3140221963046901e-12,7.90895673938065e-08
SW30029,0.37534334518250173,0.6246452194289409,1.1431586375128279e-05,4.2257477989802494e-48,2.0560451915224065e-30,3.802483474030909e-09
SW19874,0.8183584111619226,0.17896695557068323,0.002646272604625285,3.814037743125292e-20,7.327277840048854e-18,2.8360662730630753e-05
SW23298,0.9055661109471679,0.09441246750370079,1.111949924615107e-05,1.3075537241940892e-36,9.54760527766745e-20,1.030204992313407e-05
SW7948,8.768535145051577e-11,0.9999999998835847,2.8665383679013614e-11,8.50586325677191e-98,5.111179129910048e-72,2.634193870396665e-35
SW1951,0.8700984200962955,0.12990157761157897,2.29181206213201e-09,9.828706825301849e-100,6.633845816888126e-76,2.7940966701317363e-22
SW5422,0.999262830018301,0.0007187682073944087,1.7385753901471447e-05,7.195546895017614e-29,9.140228102020373e-29,1.016020214988848e-06
SW24434,0.0014211301084939884,0.9985785596262348,3.096040020053554e-07,1.4984530688194237e-35,5.897794084358693e-22,6.614788301546316e-10
SW5207,0.19195612421070252,0.8080365151008618,7.360688358493107e-06,8.282455046215661e-54,6.240492578838769e-31,7.659719157687182e-15
SW3636,0.0007787167173099969,0.9992212714901587,1.1784843286782053e-08,1.5977893258285193e-40,1.1994223866572656e-24,7.52190414447184e-12
SW17512,0.016074059608683106,0.01516229803829256,0.9687635188667574,5.144586478190303e-14,1.847273326870718e-12,1.234843006876084e-07
SW8761,0.037146489704871805,0.9628222786454259,3.123147810050406e-05,2.0337458349102444e-21,4.010965772710929e-18,1.7143324000822446e-10
SW15290,0.5129004959600804,0.2112657054768142,0.2756576161541562,2.5523131228438583e-13,5.596623498972164e-10,0.00017618184908728507
SW1767,0.9071154601209991,0.09288452662322508,1.3255604900128959e-08,6.204862237471716e-99,1.727705422874082e-76,2.5984566456984304e-26
SW24759,0.02738675751149085,0.9698914410578423,0.0027206773937357,5.551568623585372e-12,1.767352946296331e-09,1.1222639875892458e-06
SW11599,1.0405786243380512e-07,0.9999998945268145,1.4151410798182072e-09,1.772650095336032e-85,1.207974554627599e-50,3.0629773838989915e-25
SW18061,0.48120385532930293,0.5070332274087519,0.010868383555906871,2.6251406183915224e-20,2.173553691098458e-12,0.0008945337038063594
SW30861,0.035270763561483266,0.9647292290591639,7.3791327053798325e-09,9.13436683734481e-57,2.573298323849775e-40,3.635904368497574e-15
SW28965,5.242254909572478e-06,0.9999947577444873,1.161591457699126e-16,6.10272931045185e-114,4.559518408622275e-72,1.4534707432238826e-40
SW24123,0.03002638789645154,0.16698923811142738,0.80297056512808,8.672375124089038e-13,7.312568515706357e-07,1.3077606391107827e-05
SW3122,0.0006471943532112322,0.005967106036014476,7.154615393268101e-09,4.588730747718296e-54,5.7020752170700494e-36,0.9933856924558278
SW30217,0.1014228885302297,0.8954996066667285,0.002378910165394392,1.0768957802177642e-11,2.747717906618448e-09,0.0006985918791639118
SW18511,0.012915028122429659,0.9869614583944919,0.0001235133684396566,2.589039897657141e-48,1.6950684358553144e-27,1.1485875098282587e-10
SW6977,0.1850583735276088,0.8138501024021483,0.0010391783297967168,1.967742676358887e-16,1.4096511312486662e-08,5.2331643893910146e-05
SW26867,0.8183081253155448,0.140686215063034,0.041002616207930484,2.197482206426096e-13,3.5700895576175995e-15,3.0434133156993994e-06
SW14746,0.0013765376274981974,0.9984589957978615,0.00016391841736620522,3.5296230741867933e-23,6.364673082707681e-13,5.481566139957886e-07
SW3214,0.09297946805041674,0.904393812705926,0.002625296776861758,2.1607062307314128e-16,6.89034567258239e-14,1.4224666779280538e-06
SW28287,9.714221693236487e-13,0.9999999999990905,3.512212919105942e-24,3.3403279681947807e-96,3.3735473291797005e-62,7.544752818091986e-34
SW9029,0.0026367197120630123,0.9973632802604466,2.6777632504208802e-11,3.704643552965694e-38,9.042858779700916e-26,7.771915435162433e-13
SW30396,0.28803209578475536,0.7104487726792734,0.0015188246426074397,8.155067585262462e-25,2.975281098234749e-19,3.068931587805953e-07
SW28986,0.21656958764827666,0.7831899713505102,0.00023844549288095865,6.852284828453725e-20,4.380287017878682e-12,1.9955039489329082e-06
SW6809,0.046037846142680756,0.9066580831136762,0.04730354637853749,7.50969756165699e-17,1.3950169320848134e-11,5.243512666762725e-07
SW9030,0.0028004922148548664,0.9971959325575653,3.575224487826857e-06,6.801479652898976e-48,4.553429115770216e-29,2.971840915753189e-12
SW5582,4.475957145783078e-08,0.9999999547226263,5.176711794146098e-10,7.508967754428907e-44,4.459863605114901e-38,3.689438081037567e-22
SW7791,0.004360126366179739,0.9799376084647319,0.015702216351434185,1.0891889765812907e-37,9.935485316263622e-34,4.881776486006063e-08
SW1933,0.06006506565736246,0.9369298399240922,0.003004770403005936,1.4465814796729691e-21,7.244767372177587e-11,3.239430208683741e-07
SW2420,0.9071974980984616,0.07199884218042524,0.01773049370554604,1.3506606239845054e-16,7.024521918181895e-18,0.003073166015712995
SW25066,0.014052531272705875,0.9859411463717705,3.957347219177241e-06,6.023619106597016e-40,1.0864345237698538e-27,2.3650081588798232e-06
SW7370,0.46758421280998774,0.5311739724895486,0.0012418146995790999,3.817390588569804e-42,1.553989541566974e-32,4.901131989389956e-13
SW20735,1.1481427661809016e-05,0.9999884782091445,4.036334058344586e-08,1.4416440135839358e-46,1.0135637064671309e-29,2.575309007438197e-14
SW23859,0.0035513712389914917,0.9964485289011851,9.985964713557828e-08,6.093350076257115e-47,8.319668127605396e-33,3.750618653525389e-15
SW22869,0.025592772144439807,0.9744029228572684,4.303605202940789e-06,8.602855662270814e-26,1.2469938132521515e-21,1.393291619326437e-09
SW21815,0.9978422600846516,0.0020970534761364117,6.068632216541294e-05,4.241853728130397e-25,1.0008380205511903e-24,1.1694464255578422e-10
SW1298,0.15672052612034246,0.8359561228359174,0.0073229934137225726,1.2653491252619188e-21,3.3811484090473866e-15,3.576301205482783e-07
SW1744,0.08132436279198746,0.8823398600865777,0.03633576732704974,1.2000580883647008e-15,6.176020585523622e-14,9.794287224227581e-09
SW29318,7.147626579891472e-05,3.6769175342456643e-09,0.9999285200447479,1.0712636228078855e-75,1.5047261041930021e-62,1.2150831412295563e-11
SW648,0.0018943754869614159,0.9981049408560869,6.836571273630925e-07,3.825498223294111e-48,2.8888648790228858e-31,1.4193032376255037e-16
SW30949,0.022108093284300596,0.9778632273206137,2.86759657938645e-05,2.3379754830221863e-31,1.509808965178661e-26,3.4292537388728734e-09
SW23499,0.033503751043979534,0.9664961566505603,9.230519659048656e-08,8.002994096701424e-40,1.0464364114601955e-31,8.123471217384154e-14
SW12865,0.022286225172388468,0.9456692594142702,0.03204451541315807,4.572770388658938e-37,1.4176465962189103e-25,8.228097910153533e-14
SW3842,0.9107732293222738,0.08922648478371153,2.858933652347341e-07,1.6269986449067232e-44,2.7879034291245427e-33,2.93172409899778e-13
SW24176,0.02329550923532097,0.9767044441912386,4.6573201901110036e-08,8.603078914603771e-79,1.927350107197205e-46,1.3257650769328984e-19
SW29895,0.0033079468189386317,0.9957698633533404,0.0009221898275680592,1.004425873703312e-54,2.1113511134074897e-42,3.612958611569898e-18
SW1163,0.4802713731886551,0.5197280992058532,5.271422739995686e-07,1.1834443927403982e-24,7.606605429094267e-19,4.633171554508317e-10
SW4834,0.10283026115160089,0.8971515425184373,1.8196329437202652e-05,4.031136545165387e-40,2.497527190526042e-28,7.097309857429257e-13
SW15014,0.0004928000625981764,0.999451226346487,5.596935992263087e-05,1.4284157991256526e-17,3.710517201598869e-11,4.193784361642457e-09
SW23998,0.15266934839898547,0.8469673742171392,0.00036327736776058507,4.0653064436837974e-42,6.042034591795535e-22,1.5926983343000674e-11
SW23034,0.00013742097627526633,0.9993130519558946,0.0005495226456400894,5.850866047210156e-16,7.440584643794133e-11,4.347863268295699e-09
SW18883,4.0486713557071303e-08,0.9999999503793345,9.133812078369494e-09,1.4371753180657023e-43,2.9071329856311038e-27,5.2828363756537476e-18
SW23376,0.0008501048628744812,0.9973054801481883,0.0018444149887503606,2.750181452133932e-29,1.5373252380353258e-14,1.8465604853049058e-13
SW28431,0.04598890188588417,0.9539566431911768,6.016363161685988e-07,3.4664581605717025e-34,1.587407062915181e-18,5.385328644724369e-05
SW27695,4.4290721227362e-12,0.9999999999954525,5.496512728771956e-19,4.339768917154828e-56,5.19075276018356e-40,3.598584849836334e-27
SW3156,1.3584736985941522e-10,0.9999999998644853,1.384824894820538e-18,6.384820539982918e-92,7.823639059196268e-65,1.9739540316945754e-33
SW1980,0.9992084340774631,0.0007915601639774698,5.744117280727777e-09,1.062817211160733e-51,3.5656143263604833e-37,1.4484969624303758e-11
SW14691,0.00011636681024137564,0.9966812545489874,0.003202378631961488,4.694740257610319e-46,5.208589593409418e-35,8.601936239705418e-12
SW27466,4.791788727833823e-09,0.9999999952078724,7.649550020106014e-14,8.774562361494407e-72,8.394870905099643e-49,4.880949514844821e-26
SW26916,0.41055938754879195,0.5887773201152968,0.0006617149256193905,6.955396506548981e-22,1.6380008212521665e-16,1.5774103103512663e-06
SW26726,0.47359101588125335,0.44506373321269826,0.08087951228077299,2.2441593051187717e-14,4.258884650135172e-14,0.00046573862512217185
SW10251,0.8599782557067382,0.13616074581163587,0.00369158658631254,2.309228389355938e-24,5.622704166340526e-17,0.00016941189530340756
SW19172,0.9118487161966341,0.08815128341153065,3.916377079291828e-10,3.5975699817651684e-65,4.303968560298152e-56,1.1415612849209796e-19
SW13565,0.01854098195527941,0.980666008330508,0.0007929788971903201,7.410289671165472e-26,1.6325741640410733e-18,3.081705179228646e-08
SW7340,0.44828651996723645,0.5462357164970136,0.0054759673080148905,3.66535626291792e-15,2.617060454272222e-16,1.7962278217413832e-06
SW8821,0.34458836502192547,0.022883100730023313,0.6278060682546858,5.88530012381265e-13,2.0549006860230677e-13,0.00472246599258147
SW2417,4.805491051293933e-08,0.9999999518895504,5.571666105933342e-11,6.625001111181502e-39,1.2124528803239325e-20,3.8595404327183855e-14
SW4190,0.005850348269949821,0.9830726606169284,0.01107625708899803,1.247151235782359e-15,4.121531625885382e-12,7.340199199655676e-07
SW2353,0.08725941707507454,0.9122087991541287,0.000528415463025281,3.6072418684615217e-17,1.098546786702125e-09,3.367209325109725e-06
SW15585,0.19272804364692697,0.8072713655587562,5.907651510165761e-07,1.2455592076122185e-44,2.3401007117498295e-35,2.9022362534576396e-11
SW13772,0.03345239131483394,0.9617135784909016,4.62847788366007e-06,4.626102235276877e-38,9.532338902544454e-20,0.004829401716182628
SW15499,0.6240383667848501,0.375947746199706,1.3887015499515092e-05,8.460461909723334e-43,6.854822517798122e-22,3.9056563430269596e-14
SW15137,0.0046524247586284635,0.9953475750303115,1.845083811979732e-10,2.4394371018363183e-40,2.3168745415074948e-27,2.6957654160174242e-11
SW3864,0.8655226063195972,0.13403015660717982,0.0004218264697573887,1.1121586681067753e-23,4.275120941563988e-15,2.541060346691649e-05
SW5814,0.9644952486067213,0.035504574477866514,1.7691549130128793e-07,1.792098530871926e-61,5.172271778478339e-32,1.0568940879102941e-13
SW7773,0.00022709797469747028,0.9997724487015617,4.533233690502115e-07,1.5843544751796473e-41,3.5679596821393853e-37,3.160580133651703e-14
SW29567,0.06688772991625733,0.6842467428136478,0.22775689390639967,2.801643445808239e-12,0.01972224932930468,0.0013863840315365365
SW25343,0.2833724843850429,0.6919041709884854,0.024633393198960126,5.0960075336558e-13,1.0902385918638862e-06,8.886118843082458e-05
SW20667,1.2886444477282648e-05,0.9999871133489218,2.066860691885899e-10,1.0063717121563182e-32,6.810542036073923e-22,1.3280772372800064e-15
SW8266,0.03448195989479742,0.9650432836947979,0.00047475637943750594,1.0991376630669758e-34,1.2591150355899697e-25,3.101253222037303e-11
SW19347,0.08461409571947985,0.9122903238008503,0.0030955804782428252,4.718686908011619e-27,5.756767796988223e-27,1.2368876186771183e-12
SW4982,0.4206077479743228,0.5787814915276958,0.0006107567697302543,1.0121739217100079e-42,8.632872131807273e-36,3.7283511856313275e-09
SW25382,0.0006295030834019495,0.999104269934785,0.00026622698145198185,2.2107007080412534e-37,2.431354213751363e-28,3.1304227759410474e-13
SW20514,4.889474650653791e-15,1.0,6.630075951565708e-27,1.3413083564423025e-122,1.2380914901390179e-88,8.468014409765879e-33
SW20256,0.09647595669129416,0.10960486660593571,0.7939190055622057,1.6030200102485048e-19,1.0991443796628773e-07,6.122611351879072e-08
SW26455,7.560338197862396e-05,0.999915158272353,9.238345490644911e-06,1.4821426674380824e-34,2.1489716062829375e-25,7.59139567413742e-17
SW25317,0.8000008444616955,0.012418157161732417,0.18741425236585973,1.3036280669142951e-11,2.3989209260163166e-14,0.00016674599766236496
SW29968,1.6544802187496143e-10,0.9999999996953193,1.3897079634262189e-10,2.4308220471232164e-95,2.5712613446552015e-74,1.0796297038719106e-33
SW5027,0.022069128448390245,0.9748842313706981,0.003046589172968231,1.130058655026401e-20,2.124827129637292e-18,5.100795209992196e-08
SW21763,0.008156068171954722,0.9914110028597576,0.00039455853028622713,1.413979338351317e-17,6.2501052070954545e-09,3.836418784463804e-05
SW2723,0.9990533693454208,0.000823079335497706,0.0001235507787538005,7.509599219909187e-36,1.1972419756731097e-32,5.403100290740962e-10
SW13562,0.9955414061184503,0.0023622715505785302,0.0020915664475185556,1.5583486404954473e-28,9.503128828296888e-18,4.755883665768571e-06
SW9804,0.0013234654776159672,0.9986711843704804,5.3501517881565275e-06,8.360485122325176e-38,3.995749428430692e-22,5.299995135853701e-14
SW29425,0.8349015921784932,0.06998813348739003,0.09511027425360731,3.658523993116975e-26,6.243441334016721e-19,8.040625585037116e-11
SW24925,0.37792449949073,0.6210415698243335,0.0010286395931395533,2.3286002248419365e-24,7.031329720846639e-16,5.291091671295113e-06
SW8592,0.0034001054606496955,0.9965733655622311,2.6528977270806408e-05,2.3388264631140704e-38,6.937295762045192e-24,2.183956466628342e-14
SW29941,4.498294571308113e-07,0.9999986330963359,9.170458383245177e-07,1.0290640695805378e-36,2.781673526232361e-23,2.8344470472804794e-11
SW30975,0.0001454888284190014,0.9998545111719155,6.814326966510289e-16,8.157425503943104e-77,5.2138693767308e-59,4.6707450053521905e-27
SW6280,0.012864072041516133,0.9767571579758623,0.010364442087652666,2.3442323718774603e-14,3.7642407526673355e-08,1.4290252449559231e-05
SW7923,0.0016569000777236073,0.9982660646364662,7.703528024643628e-05,8.661294080619865e-26,1.78732184541781e-15,5.5719244532560245e-12
SW13953,0.8256242818214921,0.1741644341303227,3.5901784730210494e-05,2.1923394746389154e-24,2.1141132701819637e-21,0.00017538226362555384
SW16244,3.4847967870965585e-07,0.9999996515180708,4.018443677386083e-17,2.6776701967720365e-126,7.044713079661721e-85,2.2016049207134085e-12
SW15760,0.19439652889147266,0.7866196796310855,0.018983789171252364,1.374103820840888e-24,3.723526998728764e-19,2.306391822131638e-09
SW5177,0.020883844855679675,0.9582066525769148,0.020908670387402267,3.0347596302441845e-16,1.8847690254329367e-13,8.321797020763389e-07
SW30306,0.25093158435825463,0.7457749073649014,0.0032934452397971633,5.370996304092298e-16,2.4308756872422493e-10,6.279386202179638e-08
SW24347,0.8493405347897838,0.029826393698748007,0.12083306655018564,1.9744019490081584e-34,2.657430709596486e-23,4.9613927992780384e-09
SW28586,0.0016786408805201333,0.9983210944650758,2.646540754987526e-07,1.1068921841433103e-45,1.4796407989532012e-21,1.865618359380126e-14
SW14967,0.9999853811354934,1.4316943580190528e-05,3.01920642018784e-07,3.1102461770382345e-52,7.176695439966232e-30,2.781602580695783e-16
SW11902,2.4193032290409984e-05,0.9999758069623376,5.1360917430715986e-12,4.321691277990362e-79,1.7581138194445827e-46,3.2136469730753884e-22
SW14490,0.15630810909139126,0.8282966577363046,0.015395232421916321,4.5491157138619354e-26,6.732019350831194e-23,7.502665829263476e-10
SW25234,0.017423648531631232,0.8459561951221354,0.13659591324254786,1.8475382860529352e-16,2.6623712213143735e-07,2.3976866584323583e-05
SW8706,0.11417296883973028,0.8858244771347275,2.5536398153238505e-06,7.242882382490817e-31,8.305568367020096e-23,3.857288338722216e-10
SW13056,0.3666431562854702,0.6294357415912331,0.0031916280841189364,1.8499156459882148e-13,1.9183800138975237e-09,0.000729472120658671
SW6530,2.6247383823278036e-06,0.9999967496103711,6.25650831243311e-07,4.650340925324427e-59,5.582055374381998e-42,1.0008386565626918e-15
SW21570,0.006073614358475984,0.9875113325979746,0.006369109009442893,4.021472552761062e-16,1.149519510096516e-09,4.5942884670070485e-05
SW24708,0.4804224330280697,0.5194971861826778,7.984197315188284e-05,1.5063499296471496e-26,3.5224862224994006e-17,5.388160235759193e-07
SW1154,0.15683512028827576,0.0009748801009680106,0.8421890501083323,2.5144294444071734e-17,6.193381816706546e-13,9.495018988679592e-07
SW23015,2.743998607714946e-10,0.9999999997253326,2.4327489232681334e-21,3.344010467727231e-91,2.487444548877931e-75,2.59203843579662e-14
SW1020,0.9619540442421644,0.03291402410883285,0.005129706364137651,2.1707395998824232e-35,3.754111965740904e-24,2.2252849400192405e-06
SW22089,0.043186956925609594,0.9470304253027522,0.009743708798065121,1.4332182332684992e-20,3.884386759635128e-05,6.510587292002015e-08
SW8872,0.06774758006621817,0.920331811381319,0.011919992985491809,3.1933102195073617e-11,1.219351921073513e-07,4.935997961720464e-07
SW4666,1.6545575093646022e-09,0.9999999983447196,1.8088655906544254e-15,3.375604293406715e-113,2.617182791329677e-79,4.207994047395087e-28
SW18348,0.0027044669300911395,0.9972950778933738,4.549431924137661e-07,2.3424311943589427e-32,1.583938004057615e-26,2.33404316471685e-10
SW12559,0.2597178555547828,0.7304930849315333,0.009789059152175244,2.356820689610883e-22,7.012627718381933e-14,3.6135794862237e-10
SW4814,0.002537533217420244,0.9974251599844857,3.7306798032913276e-05,1.3993450601633657e-42,7.368244978250356e-41,2.707820385268492e-18
SW27265,0.0403185192932247,0.9587374250806735,0.0009439320084478566,4.014086167779995e-22,6.02462209477809e-17,1.2361762684368058e-07
SW14240,0.9752572042031639,0.02338089260678044,0.001361903182567588,1.988532655387306e-36,6.482865136844359e-26,7.623694230319522e-12
SW9933,0.07720462246255233,0.9001990970104465,0.015076046467699835,6.75315691053416e-12,5.21073521765008e-07,0.007519712979114457
SW27150,4.42047752467061e-05,0.9999557029475714,9.227227683933944e-08,3.104384227278612e-35,6.253948561368653e-20,4.8354986372729754e-12
SW24459,0.00035800767273063745,0.9971254907001916,0.0025165016271203123,2.667103582979124e-26,1.2133385883749998e-22,4.876207789923709e-14
SW5191,0.9889635318462268,0.010918069136895466,0.00011839901674016351,2.3306370269483848e-51,1.01473881428578e-40,8.303380545341629e-14
SW21498,0.10503126541692152,0.8920951680544049,0.0019992319279042462,8.523448654589704e-24,2.238412965692451e-20,0.0008743346006687908
SW28891,0.004011955702397982,0.9959880440637988,2.336194691379265e-10,2.080173220587915e-51,6.12069544152284e-36,5.5419792371409355e-19
SW9277,1.2804025423640092e-06,0.9999987195978076,2.2564606836496644e-14,1.1076994364186974e-74,1.5666457756762533e-56,1.8161131939830106e-29
SW1263,0.0008114165427737008,0.9991885831838172,2.7361346449462333e-10,3.339125867188863e-81,3.787391036872793e-55,3.635500668964617e-27
SW2651,0.04469780066893653,0.9552576923041064,4.450526566075555e-05,1.43755180004373e-32,3.64912640075243e-18,1.7612320507774041e-09
SW28653,7.715076427756025e-14,1.0,1.4273781311423848e-31,1.9637920854935846e-169,3.2796698580684656e-112,9.564724033363422e-48
SW19048,0.0001524891708248986,0.9998475107647695,6.443220044423887e-11,1.0649260674908001e-49,4.739962020455901e-27,1.3258852472888722e-17
SW2585,1.3661023770114454e-08,0.9999999863343874,4.795956678245111e-12,1.4586536672593434e-47,8.372519816128904e-23,1.061304635314125e-14
SW6022,0.9990312852658427,0.00017671273370974255,0.0007920019001822158,5.599609312219683e-19,7.84505815451327e-22,1.0022321775430238e-10
SW11920,7.042359524813347e-07,0.9999992957639485,4.297101714961379e-15,1.0202980323430406e-69,1.0485602667661722e-46,4.158072081715052e-21
SW7432,0.01403611645680016,0.9859631021249471,7.522955992692484e-07,1.9594750838285122e-42,7.934583911064878e-22,2.9122797053154292e-08
SW8629,0.025066460462892126,0.9749327257757271,3.7355099297985063e-07,1.4843439838590322e-26,4.026849808550628e-23,4.4021025925657426e-07
SW14220,0.04767673606598514,0.9515553234855658,0.0007670508889872456,5.270310132483832e-22,2.543482878289867e-08,8.641245875698025e-07
SW15488,0.01787198762036559,0.9821278202523105,1.9193244699716613e-07,1.0530826579175332e-28,6.449494447573797e-16,1.947625896005449e-10
SW25622,0.4206077479743228,0.5787814915276958,0.0006107567697302543,1.0121739217100079e-42,8.632872131807273e-36,3.7283511856313275e-09
SW12938,9.471367268897864e-05,0.9999052863276982,3.108655155925151e-14,1.0990048554604171e-88,5.08616922804857e-70,2.2309881173533287e-27
SW13787,0.024904814756042625,0.9750468738990251,4.8300290799541614e-05,9.967716974464692e-23,9.45705345577658e-16,1.105414840421242e-08
SW16378,0.08683799276224506,0.005688098671983083,0.9074737933484054,7.402609618001313e-18,1.0622489805503606e-25,1.1521743382312303e-07
SW6152,0.0005250134418727131,0.9968137660937414,0.0026612203234852028,1.265373975866663e-26,1.2252015539167762e-10,1.8262419986599953e-11
SW18808,0.12219706283922063,0.8776215555266094,0.00016618415722289615,1.3197231999999194e-31,5.357829694085076e-24,1.5197477122496577e-05
SW12524,1.901053665088883e-05,0.9999796014569773,1.3880065911126168e-06,3.4680838982183204e-31,6.118520018211481e-23,8.4000848658378065e-16
SW22468,0.05622388979341988,0.9437761084474995,1.7590257601086181e-09,6.236537759865149e-69,2.2715263477488003e-47,3.8488642964321025e-21
SW3321,0.27756346677854904,0.702893485928129,0.015529482269705583,1.6141595647165033e-07,2.083401377118384e-05,0.003992569593927737
SW8157,0.8801329931714146,0.11916203591537243,0.0006896945678760496,1.0048572461197121e-13,1.520455939034067e-11,1.5276330007252025e-05
SW5930,7.531587543578358e-05,0.9999233677718667,1.3163491959257656e-06,4.983002859200551e-33,2.0052313187382087e-21,3.610731527683879e-12
SW30598,0.059038953294255465,0.9409553004601425,5.746245989618432e-06,8.307917520096451e-44,1.1638988221538228e-29,1.1806642222462216e-16
SW25589,0.09024786418969696,0.9097357928480496,1.6342962666731897e-05,7.95852242498184e-46,3.798691826438534e-37,1.9366865999097413e-19
SW21849,2.7511950554274407e-05,6.444410368103526e-06,3.317110713091541e-08,2.0099688859942826e-33,1.310632050989075e-23,0.9999660104678159
SW27109,0.16329704042571697,0.8303575695981815,0.00041601280602670404,4.569022161699757e-20,5.2291101846176043e-14,0.005929377169937255
SW9597,0.9273169422710845,0.042013127767601716,0.030657115093855183,1.7322648818266559e-12,1.9367512194922994e-10,1.2814672012678648e-05
SW21180,0.9210623966302579,0.04490338726878999,0.03025356397042667,4.280644605666223e-11,1.1968213321607456e-11,0.0037806520756498785
SW14928,0.008467932344776871,0.9915118695802783,9.211885814636012e-06,3.0641887461470965e-33,5.040040577635478e-19,1.098618929167735e-05
SW19597,0.9878879449882021,0.012110996359958676,1.058303285994309e-06,1.3692570891784473e-34,5.725000024449532e-19,3.4848963316870456e-10
SW1469,0.015433731241944252,0.984527109294858,3.912163138221228e-05,9.113341829313459e-35,9.154046004185724e-20,3.783170463132706e-08
SW21734,0.9642863723236857,0.035707584911856986,6.020842805544038e-06,9.073771056726522e-31,9.996833325650072e-26,2.192142591808869e-08
SW16065,0.4898340211012859,0.49195543012550114,0.01821014295817879,2.5597894862261772e-23,1.5894685857432595e-13,4.0581504806348284e-07
SW15224,0.00015877173251931185,0.9998396520991536,1.5711821124575265e-06,2.1259216774574437e-18,7.776930305316761e-14,4.9861868833095855e-09
SW22892,0.30627063013841804,0.6838940232189459,0.00756663732551565,2.6346005884060276e-10,0.00023697912097580547,0.0020317299327354387
SW10632,0.0008166118553258432,0.9991832238054196,7.326656522472868e-08,6.526153642097557e-24,5.207999167490506e-19,9.107271396051261e-08
SW25353,0.23545451120758484,0.7639133186474711,0.0006321652883787594,5.150783037880749e-25,1.9126054075650607e-15,4.8564004416855585e-09
SW9450,5.805801682603333e-05,0.9999419134892118,2.8494062936739533e-08,1.0064078151911798e-46,1.3246444787235981e-33,5.53113562246362e-19
SW3913,0.05536388383270741,0.9445871914377938,4.874377062444148e-05,1.3015550831410912e-23,3.2103855445740405e-22,1.8095886906581642e-07
SW18869,1.1555137506453622e-05,0.9999884448428974,1.9585141987066596e-11,6.934165915587734e-35,1.1829205601970449e-29,8.01816575764961e-17
SW23203,0.2744726384276758,0.7255272886130296,7.295935187561027e-08,1.656450537932708e-55,4.2449013096550345e-39,1.2323236779466331e-15
SW28572,8.909461468165659e-05,0.9999108818169115,2.3568344276912448e-08,1.1626756279358171e-84,1.3052175175687423e-56,8.162624536867775e-26
SW10823,0.4578841660276836,0.5421157965154365,3.74568716555772e-08,1.3064301728606708e-38,3.8947499069303727e-28,4.9930674034329264e-14
SW3315,0.9157908518461803,0.0027950148094791245,0.08095592534505462,2.3547334339596972e-23,6.422130677198095e-21,0.00045820799909310005
SW16198,0.011974801482323197,0.9880251984321953,8.550765371387184e-11,2.4229911685536848e-61,1.0755427661876233e-42,1.5096995158374685e-15
SW5095,2.418050854164876e-09,0.9999999975716491,9.87467738986925e-12,5.015671990409229e-68,3.3561532299646785e-50,3.4565110770912684e-30
SW12083,0.003928221979437966,0.9959282483120575,0.00014352970887225453,1.451672532783581e-48,1.2249064910310352e-40,9.819627263007589e-20
SW11258,2.0282796948102035e-06,0.9999979717133662,6.833939184599563e-12,3.2184762433524674e-48,2.548372782026671e-26,1.8953658268148738e-13
SW23141,0.8476803663365273,0.14877495582091496,0.0035446778266351423,2.232070358704886e-31,4.8877013473606204e-20,1.584862934915947e-11
SW24394,0.00029258841368884244,0.9997073658709079,4.5714858276308755e-08,3.804426237650282e-52,2.5563388168365e-28,9.180786550951495e-14
SW30718,0.00435687630442873,0.9954652133155837,3.177031486978494e-05,1.1180143637656754e-20,2.1951115215969349e-07,0.0001459205540026712
SW11159,0.0010192179458317322,0.9989795617096521,5.0653694505109364e-08,6.289693058726586e-19,7.7735397684418e-16,1.1696908136760407e-06
SW2961,0.19095709881919676,0.8082531435827203,0.000664651440610962,1.148952386095175e-16,3.1042205225736625e-16,0.00012510615736440066
SW16821,0.12678387443836997,0.8731976614911163,1.8449525728336006e-05,2.3461016001818084e-26,8.635217762611244e-13,1.4543997604716118e-08
SW15837,0.5112998118125945,0.48847115044989065,4.3365694414633994e-07,4.0812455252253665e-37,2.5970711828742533e-29,0.00022860408043885177
SW3468,0.2762897452163715,0.7237094764021912,7.776509356532803e-07,1.545434548378347e-34,1.4043481138118203e-24,7.304333235680404e-10
SW16964,7.760151538547586e-05,0.9999223973744782,1.1101174785200693e-09,2.434132547766844e-54,1.55220425002763e-39,4.3736620399923196e-20
SW13141,0.02557304743980815,0.9739073523092381,0.000518324669198999,4.428661185874489e-14,9.742336288399638e-12,1.2755719093813433e-06
SW24884,0.004011955702397982,0.9959880440637988,2.336194691379265e-10,2.080173220587915e-51,6.12069544152284e-36,5.5419792371409355e-19
SW20459,0.013666716658126157,0.9637001681295594,0.022631192834426658,1.0991060748666853e-21,1.1193807330869256e-17,1.922377952595473e-06
SW27890,0.02774305775123769,0.9721855366842854,7.140541244000723e-05,8.487462354843591e-25,2.9993180967892397e-19,1.5225068659022642e-10
SW12969,0.0006818582905878477,0.9993181368288605,4.880518126627135e-09,3.1561160905235584e-38,1.602839049357422e-34,1.9459874809595487e-19
SW26618,0.00016372121278003722,0.9998301732756469,6.105511363446521e-06,9.501803686734025e-42,7.514568793375023e-30,2.4401805554188565e-17
SW8250,1.9002756171896075e-07,0.9999997935779206,1.6394301169557812e-08,1.1229074858578482e-36,1.0224972528609069e-34,1.9065326065913408e-19
SW4850,0.14126637412404702,0.8572603872945187,0.0014725339341752955,5.478616259279283e-16,4.747573870377625e-13,7.04646730148347e-07
SW12293,4.614135828266828e-06,0.9999953266578875,5.920596757380487e-08,5.447395926924085e-62,4.57408127152355e-32,1.830474446540116e-24
SW26308,0.016868661074160053,0.983131055878218,2.8304739230248446e-07,3.7190518642706e-39,1.6450792560786268e-22,2.7386878319273873e-14
SW17098,1.597381297915009e-05,0.9999840253370108,8.506985146045757e-10,4.130746177519854e-87,1.1928078545801335e-62,5.399440481829441e-22
SW18721,5.48743881889588e-05,0.9999451256112338,8.421198159968233e-21,2.3070209987950865e-141,5.93894222092104e-94,2.628357616824201e-39
SW16086,0.9952803115626987,8.044924647163303e-09,0.004719680391545098,2.862726877129555e-75,6.984101032290647e-63,3.705848234433238e-19
SW19871,0.000840229222921214,0.0731955810618486,0.9259641645670621,2.667207495810731e-28,3.204168278251514e-23,2.5148077457050924e-08
SW864,0.009252087010331466,0.9864622399542898,0.004284234190643766,3.6218412448425117e-16,1.557450770196927e-13,1.4388446736654169e-06
SW2344,0.004321338771804336,0.9956785331708362,1.2744423650085542e-07,1.6258024154870533e-40,5.486845671313054e-23,6.133316411860058e-10
SW10387,0.09009862330867446,0.9095120112294555,7.947218922147623e-05,1.8920026333102684e-18,7.439157091721029e-14,0.0003098932726429396
SW5498,0.9999973174999067,1.6862563813378991e-06,9.962440039729916e-07,7.090219388180425e-39,1.679327725682582e-39,6.6076903236161565e-18
SW5672,0.006275116743099934,0.993690736204252,3.414705211944103e-05,3.644738453173654e-21,2.2640770655236005e-20,7.453046800014013e-13
SW24602,0.36744666961502004,0.6325509480732839,2.3823114422114883e-06,7.147824748507532e-51,5.236477902014221e-34,1.4740259633763845e-13
SW11435,0.022035122759975143,0.9775324228531762,0.0004324196057961367,3.568981724386959e-15,4.203223133090391e-15,3.478099745112993e-08
SW29241,0.0009623690875842992,0.998897441258325,0.0001400247992084882,8.298652152293995e-12,9.73649943950882e-12,1.6483686678035975e-07
SW28380,0.017065630593982566,0.9829310705066236,3.2865461486156218e-06,6.773520695629833e-33,8.888233165191114e-18,1.2353208108582512e-08
SW26511,3.002834332743107e-07,0.9999996997176364,8.851918584959772e-25,1.310167649600271e-165,1.3135677163912639e-129,2.886447310807186e-40
SW2815,0.00011480144184621707,0.9998682033049594,1.6995253053054618e-05,4.7016854988093757e-35,5.902334005307924e-21,2.8336821740341585e-16
SW25349,0.0005268041084513893,0.9994728390789571,3.5681217545388364e-07,1.6180480456250445e-32,1.4572790101665918e-19,2.902489977156119e-13
SW9854,0.0003574233258575884,0.9996425740017764,2.4435894377258876e-09,2.1683871636699876e-42,1.1828610713814415e-32,2.2870706937450032e-10
SW1789,1.1108874726509809e-24,1.0,2.5557722640337057e-32,2.4863561842038084e-172,3.3948344538358153e-113,4.51666796488768e-58
SW10303,0.0163594788191021,0.9836396837446036,8.37436280894029e-07,8.229958091522529e-42,3.1101235493935502e-30,2.397323639323828e-14
SW18085,0.9996543525609459,0.0003456445825587282,2.85688500207188e-09,9.432109125081697e-50,3.2889754295386867e-38,2.331779334709667e-15
SW14607,0.9581679598708979,0.041792588316761164,3.9289969275849595e-05,2.00959102555429e-18,1.204512288000736e-12,1.6184194787205144e-07
SW10385,0.010832976717888526,0.9891670224839397,7.95363535365507e-10,5.0232955121577516e-42,3.82653480905976e-38,2.619625779448657e-12
SW14730,0.021033715420265584,0.9789659103222372,3.7425661735015974e-07,3.3780331815376714e-49,5.6192448995781586e-33,9.406215470586624e-13
SW26373,0.0654012948068548,0.8629056756604178,0.013762334977676868,5.942949152382689e-16,0.00012799646868720616,0.05780269808626882
SW23979,2.1535863272622214e-09,0.9999999688361645,2.9009923922347353e-08,3.0565965935098555e-78,2.0093852574575877e-42,8.575408044983962e-29
SW8383,0.9288152182013952,0.0049569892752484735,0.06610490749426388,2.7443876530992293e-13,1.6480408444688396e-13,0.00012288502855640378
SW16769,0.08703535261558139,0.9127705915688882,0.00019080263221564334,3.9193642982140637e-26,5.029969534001408e-25,3.253183426524253e-06
SW23730,0.3661008732671327,0.630664748211943,0.003234378462595026,9.288016225737935e-23,1.0613801751841778e-23,5.850108600097612e-11
SW28843,0.33466327635422155,0.27080109031951966,0.3936857970498803,1.0934839165635047e-10,5.803478398554596e-08,0.0008497781323269663
SW2036,0.6039364423484798,0.24718003168100902,0.1488834435895259,2.4217120360019184e-21,1.5424929576517764e-16,8.238075875114772e-08
SW17,0.9664289102297556,0.03287775370838543,0.00014429673339890137,6.189586716557042e-26,3.7813716978211647e-17,0.0005490393285979383
SW14900,0.0017620344428978414,0.9981037108287447,0.00013425472861010855,1.6093902651871657e-42,1.7743049808572813e-36,1.7143354754723098e-15
SW9770,0.00026064448051354625,0.999739355410823,1.0874466430715263e-10,1.1064951819668538e-65,7.82944529077914e-45,1.0707992998910747e-17
SW10572,0.5592967886132241,0.44066405135776665,3.801599029468526e-05,4.996345955220999e-19,6.7760796235232176e-18,1.144038701137756e-06
SW9348,2.7964266169289334e-09,0.9999999972042133,5.2890651210901105e-23,4.6483239241952475e-120,1.4629784790616743e-81,1.6011240119777018e-40
SW1531,0.2940275865090686,0.5842808034792878,0.12160378505934584,2.5900434591952326e-12,5.756480595740993e-09,8.781919324031642e-05
SW15969,0.010245406612187266,0.9895926760127532,0.00016151357626884477,3.3024156539299124e-19,1.7633439711001325e-15,4.037988780083593e-07
SW15017,4.754891152678961e-06,0.999995245109339,7.649745040868546e-15,6.226031644159445e-107,7.851855177372398e-76,1.0027039091446677e-32
SW7422,0.9522316336781999,0.045135551809028916,0.0026328144928847476,2.779408648979254e-52,2.3227121467178705e-29,1.9517260241968316e-11
SW25345,0.771367351659884,0.20000900547082,0.004965451222254859,2.911029701975577e-26,8.472478423696244e-15,0.023658191646940982
SW10220,5.632985890934415e-06,0.9999943670149551,1.4563130462035672e-21,1.4594114296631105e-152,1.4828424242965095e-98,5.044480523414654e-39
SW16008,0.02329550923532097,0.9767044441912386,4.6573201901110036e-08,8.603078914603771e-79,1.927350107197205e-46,1.3257650769328984e-19
SW11448,0.9058115172033122,0.09412718492935979,4.91730487232441e-08,1.602530014557667e-31,6.948607365340387e-28,6.124869420401255e-05
SW29763,0.0001804387440865,0.9998101686210084,9.39189615400704e-06,8.496974947576425e-22,1.9040632883660488e-15,7.385230266669015e-10
SW21305,0.9930207522738913,0.006979233687732732,5.247519751751814e-09,1.916746089359206e-39,3.2536394121222077e-23,8.790782631240187e-09
SW6973,0.08842136649604211,0.8869775065558739,0.01922202487424419,7.138641550581676e-15,1.0944213968912142e-14,0.00537910207371732
SW25179,0.3204846081934461,0.6795084700856843,6.872360067979862e-06,9.550386964424984e-44,2.117768838193958e-31,4.9360591733262837e-08
SW2206,0.0007640157256243394,0.9992338705051232,2.1137689287808893e-06,1.5486682207194648e-32,5.199910791702616e-22,3.2433275432748404e-13
SW18298,0.9756746556722601,0.01976780961442938,0.004555999854054005,4.824675250065497e-15,1.406018385750748e-13,1.5348591448171108e-06
SW2430,0.20632124249319428,0.7936779672935073,2.31242773348216e-07,1.864053972331884e-36,2.064306951009736e-25,5.589705473640279e-07
SW14570,0.0010859392023141287,0.9988324890461441,8.157085670708665e-05,2.252054635886895e-15,2.0641482955623338e-13,8.947132314797099e-10
SW15109,0.41380972159566676,0.5185745128056299,0.05222427971745922,1.4453547797246527e-12,2.4983989375396007e-13,0.015391485879625395
SW30919,0.8535852382303257,0.0817881436955098,0.06462661807445125,1.371590054670608e-59,2.588467008395447e-42,4.601217194215389e-16
SW16158,8.337433438729029e-08,0.9999999166257146,3.8774489695651185e-13,7.804722115007462e-61,1.9182002162322393e-44,8.603698625790013e-25
SW22940,0.0736780558081014,0.9262952471039161,2.669708824917167e-05,5.2069310126029346e-55,2.141726102915958e-40,8.029969886671252e-17
SW15294,7.709879221786255e-05,0.9999222032179035,6.888792858310468e-07,3.701513018228352e-29,1.5185227418594904e-18,9.110751292599463e-09
SW18765,2.3473235852568816e-05,0.9999765258943978,8.698570708657554e-10,2.880306772133292e-41,1.7563402530012343e-28,3.9031033790223807e-16
SW12099,0.1831068036773303,0.81689319570144,5.383151330597052e-10,8.893329149502283e-31,2.077491254839834e-25,8.297245363837023e-11
SW12547,0.0454337029100362,0.9545538156284887,1.2481460831606412e-05,6.947726474784058e-90,5.497385175539384e-65,1.9684015351381028e-21
SW11548,0.001475987380052175,0.9985198945050929,3.857981229405774e-06,1.1278779916251903e-20,1.1704111402860473e-18,2.6013353989850493e-07
SW21269,0.0022393644959287336,0.9977606233179281,1.2041560866957786e-08,1.4636120284520296e-35,1.950134967389168e-32,1.445847006334514e-10
